<svg width="104" height="104" viewBox="0 0 104 104" fill="none" xmlns="http://www.w3.org/2000/svg">
<g clip-path="url(#clip0_2_4549)">
<path d="M22.7688 15.4761C21.5481 15.4602 20.3501 15.8073 19.3271 16.4734C18.304 17.1395 17.5018 18.0945 17.0224 19.2172C16.543 20.3399 16.4079 21.5798 16.6343 22.7794C16.8608 23.979 17.4385 25.0844 18.2942 25.9551C19.1498 26.8258 20.2449 27.4227 21.4404 27.6701C22.6359 27.9174 23.8779 27.804 25.0088 27.3442C26.1398 26.8844 27.1086 26.0991 27.7924 25.0878C28.4762 24.0764 28.8442 22.8848 28.8496 21.664C28.8587 20.0386 28.2244 18.4756 27.0851 17.3162C25.9458 16.1569 24.3941 15.4954 22.7688 15.4761ZM22.7274 24.1304C22.072 24.1292 21.4431 23.8709 20.976 23.4111C20.5089 22.9513 20.2409 22.3266 20.2294 21.6713C20.2275 21.1838 20.37 20.7067 20.6388 20.3001C20.9076 19.8935 21.2908 19.5756 21.7401 19.3864C22.1893 19.1972 22.6845 19.1453 23.1632 19.2371C23.642 19.3289 24.0828 19.5604 24.4302 19.9023C24.7775 20.2443 25.0159 20.6815 25.1152 21.1587C25.2146 21.6359 25.1704 22.1318 24.9883 22.584C24.8062 23.0362 24.4943 23.4243 24.092 23.6995C23.6896 23.9747 23.2148 24.1246 22.7274 24.1304Z" fill="#C02D4E"/>
<path d="M38.6592 15.4761C37.4383 15.4727 36.2439 15.8322 35.2276 16.5089C34.2114 17.1856 33.4191 18.1489 32.9513 19.2767C32.4836 20.4045 32.3614 21.6458 32.6004 22.8431C32.8393 24.0404 33.4287 25.1397 34.2935 26.0015C35.1584 26.8633 36.2598 27.4487 37.458 27.6834C38.6561 27.9181 39.897 27.7915 41.0231 27.3197C42.1492 26.8479 43.1097 26.0522 43.7828 25.0335C44.4558 24.0149 44.811 22.8192 44.8033 21.5983C44.783 19.9771 44.1285 18.4284 42.98 17.284C41.8315 16.1396 40.2805 15.4906 38.6592 15.4761ZM38.6471 24.1279C37.9907 24.1196 37.3643 23.852 36.9046 23.3836C36.4448 22.9151 36.1889 22.2839 36.1928 21.6275C36.1922 21.3024 36.256 20.9804 36.3807 20.6802C36.5054 20.38 36.6884 20.1075 36.9192 19.8785C37.15 19.6496 37.4239 19.4687 37.7251 19.3464C38.0263 19.2241 38.3487 19.1627 38.6738 19.166C39.33 19.1736 39.957 19.4387 40.4197 19.9041C40.8823 20.3695 41.1437 20.998 41.1475 21.6542C41.1324 22.3102 40.8633 22.9347 40.3969 23.3961C39.9305 23.8575 39.3031 24.1199 38.6471 24.1279Z" fill="#C02D4E"/>
<path d="M76.3483 15.4761C71.0166 15.4469 65.6849 15.4615 60.3508 15.4761C58.736 15.4669 57.1823 16.0925 56.0244 17.2181C54.8666 18.3437 54.1974 19.8792 54.161 21.4936C54.1246 23.108 54.724 24.672 55.83 25.8486C56.936 27.0252 58.46 27.7202 60.0735 27.7837C62.8294 27.8348 65.5876 27.7959 68.3435 27.7959C71.019 27.7959 73.6776 27.8129 76.3434 27.7959C79.9384 27.7691 82.6505 25.1325 82.6675 21.6834C82.6869 18.1881 79.9968 15.498 76.3483 15.4761ZM78.822 22.5639C78.6454 23.0391 78.323 23.4463 77.901 23.7272C77.4789 24.0081 76.9789 24.1484 76.4723 24.1279C71.0758 24.1506 65.6776 24.1506 60.2778 24.1279C59.9498 24.1321 59.6242 24.0712 59.3198 23.9487C59.0155 23.8262 58.7384 23.6445 58.5048 23.4142C58.2711 23.1839 58.0854 22.9096 57.9585 22.6071C57.8315 22.3046 57.7658 21.9799 57.7652 21.6518C57.7652 20.2727 58.8379 19.1927 60.3581 19.1732C63.0337 19.1368 65.6971 19.1732 68.3654 19.1611C71.0336 19.1489 73.6435 19.1392 76.2802 19.1611C78.2941 19.183 79.5322 20.8515 78.822 22.5639Z" fill="#C02D4E"/>
<path d="M98.8402 71.2133C98.7916 69.3914 97.5389 67.538 95.7877 67.4334C94.141 67.3361 93.6594 66.497 93.3018 65.2248C93.214 64.9353 93.0863 64.6594 92.9224 64.4052C92.6962 64.0427 92.757 63.8068 93.0537 63.4809C94.8926 61.4645 94.8269 59.2413 92.8591 57.2979C92.6399 57.0985 92.4674 56.8532 92.3539 56.5795C92.2404 56.3058 92.1886 56.0104 92.2024 55.7144C92.2219 43.3079 92.2219 30.903 92.2024 18.4997C92.2024 17.7432 92.1805 16.9819 92.1075 16.2279C91.6794 11.9251 88.3277 7.53712 82.7674 7.56631C60.1466 7.67819 37.5259 7.62468 14.9052 7.60279C10.8723 7.60279 8.23812 9.59001 6.60359 13.1072C6.20469 13.9658 5.97848 14.9022 5.67444 15.8022V70.2184C5.94443 70.6733 5.90308 71.1914 6.03199 71.6924C7.02682 75.4334 10.1402 78.9627 15.0316 78.7876C18.2423 78.6732 21.4603 78.7705 24.6759 78.7657C26.038 78.7657 26.8917 78.0238 26.865 76.8903C26.8382 75.7569 26.0258 75.1147 24.6759 75.1123C21.3387 75.1123 18.0015 75.0953 14.6668 75.1123C13.9215 75.1341 13.1818 74.9762 12.5104 74.6519C11.8389 74.3276 11.2554 73.8465 10.8091 73.2491C9.70725 71.8603 9.30592 70.2428 9.30592 68.4939C9.30592 57.8792 9.29943 47.2637 9.28646 36.6473C9.28646 35.7401 9.48105 35.5066 10.4102 35.5066C36.0697 35.5357 61.7285 35.5439 87.3864 35.5309C87.5378 35.5406 87.6898 35.5406 87.8412 35.5309C88.3496 35.4603 88.5174 35.6549 88.5174 36.1827C88.498 41.9458 88.498 47.7088 88.5174 53.4718C88.5174 53.9826 88.3423 54.0677 87.8899 54.0385C87.1456 53.9923 86.2967 54.092 85.8419 54.6174C84.757 55.8725 83.7038 55.5101 82.5533 54.8485C82.3143 54.718 82.058 54.6222 81.792 54.5639C81.2885 54.4423 81.1012 54.1991 81.0623 53.6323C80.9431 51.3022 79.4497 49.7211 77.2071 49.5874C75.845 49.4978 74.4782 49.5116 73.1183 49.6287C71.3792 49.7917 69.9757 50.8279 69.7957 52.4964C69.6109 54.2161 68.7595 54.8388 67.3634 55.2085C67.2766 55.2282 67.1942 55.2637 67.1201 55.3131C66.5485 55.7412 66.1472 55.6731 65.578 55.1452C64.8441 54.4469 63.8708 54.0559 62.8577 54.0523C61.8446 54.0486 60.8685 54.4327 60.1296 55.1258C59.1907 55.9844 58.2883 56.8892 57.4297 57.8281C56.2671 59.0978 55.8609 61.175 56.9578 62.4301C58.1521 63.7946 57.7946 64.877 57.1354 66.1467C57.0628 66.2795 57.0096 66.4221 56.9773 66.5699C56.8751 67.0442 56.6441 67.2242 56.109 67.2461C53.555 67.3483 51.974 69.0023 51.9375 71.5514C51.9253 72.4611 51.8815 73.3756 51.9545 74.2804C52.0105 74.9834 51.7867 75.1318 51.1105 75.1245C47.8949 75.088 44.6818 75.1001 41.4663 75.1245C40.1261 75.1245 39.3137 76.0342 39.5034 77.2576C39.6469 78.1941 40.4106 78.773 41.5636 78.773C46.0537 78.773 50.5421 78.773 55.029 78.773C56.6976 78.773 56.6951 78.773 57.3348 80.3467C57.446 80.6926 57.5944 81.0253 57.7775 81.3391C58.1424 81.8596 58.0354 82.188 57.5975 82.6452C56.8534 83.3817 56.4291 84.3816 56.4163 85.4285C56.4036 86.4754 56.8035 87.4852 57.5294 88.2396C58.3856 89.1809 59.2953 90.0809 60.2391 90.9322C61.5428 92.107 63.6249 92.4378 64.9286 91.3117C66.1448 90.2658 67.0739 90.4141 68.2171 91.1268C68.3714 91.2233 68.5434 91.2878 68.723 91.3165C69.409 91.4114 69.6084 91.7714 69.6425 92.4719C69.7665 94.8434 71.4911 96.422 73.8674 96.4415C74.9596 96.4415 76.0565 96.4609 77.1414 96.4415C78.9024 96.4001 80.7583 95.2594 80.8847 93.5859C81.0234 91.7057 82.0595 91.1536 83.5165 90.7279C83.6025 90.7012 83.6844 90.6628 83.7598 90.6136C84.2462 90.2949 84.5916 90.3168 85.0635 90.7766C85.799 91.5204 86.7968 91.9463 87.8428 91.9627C88.8888 91.979 89.8995 91.5846 90.6579 90.8641C91.5749 90.0274 92.4529 89.1396 93.2921 88.2226C94.4864 86.9213 94.9072 84.7979 93.7664 83.5476C92.5502 82.2196 93.0051 81.2029 93.5937 79.9891C93.6667 79.8569 93.7216 79.7153 93.7567 79.5684C93.8613 78.9724 94.1507 78.773 94.8001 78.7632C95.8745 78.7568 96.9024 78.3245 97.6584 77.5612C98.4144 76.7979 98.8368 75.7658 98.833 74.6915C98.8646 73.5191 98.8719 72.3662 98.8402 71.2133ZM87.7293 31.8629C79.2405 31.8435 70.7516 31.8394 62.2628 31.8508H48.8849C36.0324 31.8508 23.1783 31.8572 10.3226 31.8702C9.47375 31.8702 9.29619 31.627 9.30349 30.8292C9.34484 26.4923 9.32537 22.1579 9.32051 17.821C9.29271 16.6972 9.51279 15.5811 9.96508 14.552C10.9575 12.414 12.519 11.244 15 11.2464C37.4975 11.2756 59.9926 11.2813 82.4852 11.2635C86.0583 11.2635 88.3666 13.3893 88.4736 16.9892C88.5807 20.5331 88.5125 24.0843 88.5198 27.6307C88.5198 28.7836 88.4761 29.9365 88.5369 31.087C88.5782 31.7559 88.3398 31.8654 87.7293 31.8629ZM93.0805 75.1099C91.6211 75.1099 91.1346 75.465 90.7576 76.866C90.3514 78.3866 89.7401 79.8447 88.9406 81.2004C88.2936 82.2974 88.3934 82.9639 89.286 83.876C90.8476 85.4765 90.8476 85.4765 89.286 87.038C87.9118 88.4172 87.9118 88.4172 86.4986 87.0137C85.3408 85.8657 84.7959 85.7976 83.3827 86.6343C82.0717 87.3886 80.6643 87.9614 79.1991 88.3369C77.9124 88.6823 77.5354 89.1931 77.5233 90.5382V90.6306C77.4989 93.063 77.8273 92.7297 75.395 92.754C73.3299 92.754 73.3299 92.754 73.3177 90.6914C73.3177 89.1907 72.9237 88.658 71.5032 88.2931C70.0109 87.9013 68.5795 87.3063 67.2491 86.5248C66.0718 85.8413 65.4418 85.9216 64.4883 86.8435C62.8903 88.388 62.8903 88.388 61.3263 86.8143C59.9545 85.4449 59.9545 85.4449 61.3093 84.0974C62.4963 82.9128 62.5717 82.3631 61.7325 80.9134C61.0001 79.6585 60.4459 78.3078 60.0858 76.9001C59.7283 75.4942 59.2175 75.0977 57.7946 75.0904C55.6517 75.0904 55.6517 75.0904 55.6517 72.9013C55.6517 70.9019 55.6517 70.9019 57.6656 70.8898C59.1834 70.8898 59.7137 70.4665 60.098 68.9877C60.4842 67.5246 61.072 66.1223 61.8444 64.8211C62.5182 63.6633 62.4087 63.0284 61.4747 62.0628C59.9423 60.4794 59.9374 60.4745 61.5306 58.9008C63.1238 57.327 62.6763 57.3684 64.2621 58.9227C65.4248 60.0634 65.9842 60.1388 67.378 59.324C68.6564 58.5701 70.0333 57.9971 71.4692 57.6214C72.8434 57.2687 73.2326 56.7506 73.2399 55.2985C73.2545 53.2188 73.2545 53.2188 75.2952 53.2188C77.4065 53.2188 77.4065 53.2188 77.4479 55.3642C77.4746 56.6728 77.9027 57.2589 79.1505 57.5679C80.7073 57.9529 82.1989 58.5651 83.5773 59.3848C84.723 60.061 85.3919 59.971 86.3405 59.0589C87.9434 57.5216 87.9531 57.5119 89.5025 59.0954C91.0519 60.6788 91.0835 60.2142 89.5025 61.8123C88.3058 63.0284 88.2304 63.5149 89.0914 64.9986C89.8435 66.3125 90.4161 67.7212 90.7941 69.1871C91.1225 70.4033 91.6794 70.846 92.9126 70.8898H93.1875C95.1771 70.8898 95.1869 70.8898 95.1747 72.9378C95.1723 75.4115 95.5031 75.0904 93.0878 75.1099H93.0805ZM75.4266 61.8026C73.2108 61.7997 71.0439 62.4539 69.1999 63.6826C67.3559 64.9112 65.9177 66.659 65.067 68.7051C64.2164 70.7511 63.9916 73.0034 64.4211 75.1772C64.8505 77.351 65.9149 79.3487 67.4797 80.9175C69.0445 82.4864 71.0393 83.556 73.212 83.9911C75.3847 84.4262 77.6376 84.2073 79.6858 83.362C81.7341 82.5167 83.4857 81.0831 84.7191 79.2423C85.9525 77.4015 86.6124 75.2363 86.6153 73.0205C86.6192 71.5493 86.3328 70.0918 85.7727 68.7315C85.2126 67.3711 84.3897 66.1345 83.3511 65.0926C82.3125 64.0506 81.0787 63.2237 79.7201 62.6591C78.3616 62.0946 76.905 61.8035 75.4339 61.8026H75.4266ZM75.3487 80.5315C73.8597 80.521 72.4072 80.0698 71.1743 79.2349C69.9414 78.3999 68.9832 77.2186 68.4207 75.8399C67.8582 74.4613 67.7165 72.9469 68.0135 71.4877C68.3104 70.0286 69.0328 68.6901 70.0894 67.6409C71.146 66.5917 72.4896 65.8789 73.9508 65.5923C75.412 65.3056 76.9253 65.458 78.3 66.0303C79.6747 66.6025 80.8492 67.569 81.6754 68.8078C82.5015 70.0466 82.9425 71.5023 82.9425 72.9913C82.9432 73.9858 82.7471 74.9706 82.3655 75.889C81.984 76.8074 81.4246 77.6413 80.7194 78.3426C80.0143 79.0439 79.1774 79.5988 78.2569 79.9753C77.3364 80.3518 76.3505 80.5425 75.356 80.5364L75.3487 80.5315Z" fill="#C02D4E"/>
<path d="M43.755 47.2595C44.2415 47.2376 44.6987 47.5173 45.0758 47.9406C46.7516 49.8159 48.4397 51.6815 50.0888 53.5787C51.0471 54.6781 51.0496 55.9405 50.0888 57.0351C48.4397 58.9355 46.7687 60.8157 45.0758 62.6757C44.3023 63.5318 43.181 63.6072 42.4002 62.9189C41.6194 62.2305 41.5659 61.1214 42.3321 60.2433C43.6236 58.7572 44.9322 57.2832 46.2676 55.8359C46.63 55.4419 46.6592 55.2181 46.2676 54.8046C44.9079 53.3452 43.592 51.8299 42.2713 50.3315C42.0143 50.0682 41.8458 49.7313 41.7892 49.3678C41.7325 49.0042 41.7905 48.632 41.9551 48.303C42.2956 47.6171 42.8599 47.2522 43.755 47.2595Z" fill="#C02D4E"/>
<path d="M16.0507 55.2594C16.0787 54.6252 16.3313 54.0218 16.7633 53.5567C18.4149 51.7009 20.0567 49.8377 21.7229 47.994C22.5401 47.0891 23.6687 47.004 24.4495 47.7386C25.2303 48.4731 25.2327 49.5409 24.4641 50.4142C23.209 51.8517 21.9491 53.2867 20.6478 54.6805C20.2075 55.1499 20.1613 55.4321 20.6307 55.9258C21.9004 57.2685 23.1117 58.6671 24.3352 60.0608C25.2376 61.0872 25.2546 62.1988 24.396 62.9431C23.5374 63.6874 22.4842 63.4977 21.611 62.5223C20.0154 60.7394 18.4295 58.9444 16.8339 57.1712C16.3365 56.6585 16.056 55.9737 16.0507 55.2594Z" fill="#C02D4E"/>
<path d="M37.0417 47.9892C36.6063 49.8353 36.1345 51.8688 35.6504 53.8973C34.9369 56.8972 34.2194 59.8971 33.4978 62.897C33.364 63.4588 33.2132 64.0158 32.7073 64.3831C32.4246 64.6184 32.074 64.7571 31.7069 64.7789C31.3398 64.8008 30.9752 64.7047 30.6666 64.5047C30.326 64.3241 30.0569 64.0333 29.9031 63.6798C29.7494 63.3263 29.7201 62.9311 29.8201 62.5589C30.3796 60.1119 30.9585 57.6723 31.5349 55.2302C32.143 52.6714 32.7511 50.1223 33.3713 47.5562C33.6997 46.2038 34.7018 45.5739 35.828 45.9776C36.6282 46.2671 37.0831 46.9457 37.0417 47.9892Z" fill="#C02D4E"/>
<path d="M33.1792 75.1146C33.4204 75.1038 33.6612 75.1417 33.8874 75.2262C34.1136 75.3106 34.3204 75.4398 34.4954 75.606C34.6705 75.7723 34.8103 75.9721 34.9063 76.1936C35.0024 76.4151 35.0528 76.6537 35.0545 76.8951C35.059 77.1363 35.0159 77.3761 34.9276 77.6006C34.8392 77.8252 34.7075 78.0301 34.5398 78.2036C34.3721 78.3772 34.1719 78.5159 33.9505 78.6119C33.7291 78.7079 33.491 78.7593 33.2497 78.7631C32.7629 78.7655 32.2941 78.5794 31.9413 78.2439C31.5886 77.9084 31.3793 77.4495 31.3574 76.9632C31.3554 76.7221 31.401 76.4831 31.4916 76.2596C31.5821 76.0362 31.7158 75.8329 31.885 75.6612C32.0542 75.4895 32.2556 75.3529 32.4777 75.2591C32.6998 75.1653 32.9381 75.1162 33.1792 75.1146Z" fill="#C02D4E"/>
<path d="M22.7688 15.4761C21.5481 15.4602 20.3501 15.8073 19.3271 16.4734C18.304 17.1395 17.5018 18.0945 17.0224 19.2172C16.543 20.3399 16.4079 21.5798 16.6343 22.7794C16.8608 23.979 17.4385 25.0844 18.2942 25.9551C19.1498 26.8258 20.2449 27.4227 21.4404 27.6701C22.6359 27.9174 23.8779 27.804 25.0088 27.3442C26.1398 26.8844 27.1086 26.0991 27.7924 25.0878C28.4762 24.0764 28.8442 22.8848 28.8496 21.664C28.8587 20.0386 28.2244 18.4756 27.0851 17.3162C25.9458 16.1569 24.3941 15.4954 22.7688 15.4761ZM22.7274 24.1304C22.072 24.1292 21.4431 23.8709 20.976 23.4111C20.5089 22.9513 20.2409 22.3266 20.2294 21.6713C20.2275 21.1838 20.37 20.7067 20.6388 20.3001C20.9076 19.8935 21.2908 19.5756 21.7401 19.3864C22.1893 19.1972 22.6845 19.1453 23.1632 19.2371C23.642 19.3289 24.0828 19.5604 24.4302 19.9023C24.7775 20.2443 25.0159 20.6815 25.1152 21.1587C25.2146 21.6359 25.1704 22.1318 24.9883 22.584C24.8062 23.0362 24.4943 23.4243 24.092 23.6995C23.6896 23.9747 23.2148 24.1246 22.7274 24.1304Z" fill="#C02D4E"/>
<path d="M38.6592 15.4761C37.4383 15.4727 36.2439 15.8322 35.2276 16.5089C34.2114 17.1856 33.4191 18.1489 32.9513 19.2767C32.4836 20.4045 32.3614 21.6458 32.6004 22.8431C32.8393 24.0404 33.4287 25.1397 34.2935 26.0015C35.1584 26.8633 36.2598 27.4487 37.458 27.6834C38.6561 27.9181 39.897 27.7915 41.0231 27.3197C42.1492 26.8479 43.1097 26.0522 43.7828 25.0335C44.4558 24.0149 44.811 22.8192 44.8033 21.5983C44.783 19.9771 44.1285 18.4284 42.98 17.284C41.8315 16.1396 40.2805 15.4906 38.6592 15.4761ZM38.6471 24.1279C37.9907 24.1196 37.3643 23.852 36.9046 23.3836C36.4448 22.9151 36.1889 22.2839 36.1928 21.6275C36.1922 21.3024 36.256 20.9804 36.3807 20.6802C36.5054 20.38 36.6884 20.1075 36.9192 19.8785C37.15 19.6496 37.4239 19.4687 37.7251 19.3464C38.0263 19.2241 38.3487 19.1627 38.6738 19.166C39.33 19.1736 39.957 19.4387 40.4197 19.9041C40.8823 20.3695 41.1437 20.998 41.1475 21.6542C41.1324 22.3102 40.8633 22.9347 40.3969 23.3961C39.9305 23.8575 39.3031 24.1199 38.6471 24.1279Z" fill="#C02D4E"/>
<path d="M76.3483 15.4761C71.0166 15.4469 65.6849 15.4615 60.3508 15.4761C58.736 15.4669 57.1823 16.0925 56.0244 17.2181C54.8666 18.3437 54.1974 19.8792 54.161 21.4936C54.1246 23.108 54.724 24.672 55.83 25.8486C56.936 27.0252 58.46 27.7202 60.0735 27.7837C62.8294 27.8348 65.5876 27.7959 68.3435 27.7959C71.019 27.7959 73.6776 27.8129 76.3434 27.7959C79.9384 27.7691 82.6505 25.1325 82.6675 21.6834C82.6869 18.1881 79.9968 15.498 76.3483 15.4761ZM78.822 22.5639C78.6454 23.0391 78.323 23.4463 77.901 23.7272C77.4789 24.0081 76.9789 24.1484 76.4723 24.1279C71.0758 24.1506 65.6776 24.1506 60.2778 24.1279C59.9498 24.1321 59.6242 24.0712 59.3198 23.9487C59.0155 23.8262 58.7384 23.6445 58.5048 23.4142C58.2711 23.1839 58.0854 22.9096 57.9585 22.6071C57.8315 22.3046 57.7658 21.9799 57.7652 21.6518C57.7652 20.2727 58.8379 19.1927 60.3581 19.1732C63.0337 19.1368 65.6971 19.1732 68.3654 19.1611C71.0336 19.1489 73.6435 19.1392 76.2802 19.1611C78.2941 19.183 79.5322 20.8515 78.822 22.5639Z" fill="#C02D4E"/>
<path d="M75.4338 61.8024C73.2179 61.7995 71.051 62.4537 69.2071 63.6824C67.3631 64.911 65.9248 66.6589 65.0742 68.7049C64.2236 70.7509 63.9988 73.0033 64.4283 75.1771C64.8577 77.3509 65.9221 79.3485 67.4869 80.9173C69.0517 82.4862 71.0465 83.5558 73.2192 83.9909C75.3919 84.426 77.6448 84.2071 79.693 83.3618C81.7413 82.5165 83.4929 81.0829 84.7263 79.2421C85.9597 77.4013 86.6196 75.2361 86.6225 73.0203C86.6263 71.5485 86.3398 70.0905 85.7792 68.7296C85.2186 67.3687 84.3951 66.1319 83.3557 65.0898C82.3164 64.0477 81.0816 63.221 79.7223 62.6569C78.3629 62.0927 76.9055 61.8024 75.4338 61.8024ZM75.3559 80.5314C73.8669 80.5208 72.4144 80.0696 71.1815 79.2347C69.9485 78.3997 68.9904 77.2185 68.4279 75.8398C67.8654 74.4611 67.7237 72.9467 68.0207 71.4876C68.3176 70.0284 69.0399 68.6899 70.0966 67.6407C71.1532 66.5916 72.4968 65.8787 73.958 65.5921C75.4192 65.3055 76.9325 65.4579 78.3072 66.0301C79.6819 66.6024 80.8563 67.5688 81.6825 68.8076C82.5087 70.0464 82.9496 71.5021 82.9497 72.9911C82.9503 73.9862 82.754 74.9717 82.372 75.8906C81.99 76.8095 81.4299 77.6436 80.724 78.345C80.0181 79.0464 79.1803 79.6012 78.259 79.9772C77.3377 80.3533 76.351 80.5433 75.3559 80.5362V80.5314Z" fill="#C02D4E"/>
<path d="M76.3483 15.4761C71.0166 15.4469 65.6849 15.4615 60.3508 15.4761C58.736 15.4669 57.1823 16.0925 56.0244 17.2181C54.8666 18.3437 54.1974 19.8792 54.161 21.4936C54.1246 23.108 54.724 24.672 55.83 25.8486C56.936 27.0252 58.46 27.7202 60.0735 27.7837C62.8294 27.8348 65.5876 27.7959 68.3435 27.7959C71.019 27.7959 73.6776 27.8129 76.3434 27.7959C79.9384 27.7691 82.6505 25.1325 82.6675 21.6834C82.6869 18.1881 79.9968 15.498 76.3483 15.4761ZM78.822 22.5639C78.6454 23.0391 78.323 23.4463 77.901 23.7272C77.4789 24.0081 76.9789 24.1484 76.4723 24.1279C71.0758 24.1506 65.6776 24.1506 60.2778 24.1279C59.9498 24.1321 59.6242 24.0712 59.3198 23.9487C59.0155 23.8262 58.7384 23.6445 58.5048 23.4142C58.2711 23.1839 58.0854 22.9096 57.9585 22.6071C57.8315 22.3046 57.7658 21.9799 57.7652 21.6518C57.7652 20.2727 58.8379 19.1927 60.3581 19.1732C63.0337 19.1368 65.6971 19.1732 68.3654 19.1611C71.0336 19.1489 73.6435 19.1392 76.2802 19.1611C78.2941 19.183 79.5322 20.8515 78.822 22.5639Z" fill="#C02D4E"/>
<path d="M22.7688 15.4761C21.5481 15.4602 20.3501 15.8073 19.3271 16.4734C18.304 17.1395 17.5018 18.0945 17.0224 19.2172C16.543 20.3399 16.4079 21.5798 16.6343 22.7794C16.8608 23.979 17.4385 25.0844 18.2942 25.9551C19.1498 26.8258 20.2449 27.4227 21.4404 27.6701C22.6359 27.9174 23.8779 27.804 25.0088 27.3442C26.1398 26.8844 27.1086 26.0991 27.7924 25.0878C28.4762 24.0764 28.8442 22.8848 28.8496 21.664C28.8587 20.0386 28.2244 18.4756 27.0851 17.3162C25.9458 16.1569 24.3941 15.4954 22.7688 15.4761ZM22.7274 24.1304C22.072 24.1292 21.4431 23.8709 20.976 23.4111C20.5089 22.9513 20.2409 22.3266 20.2294 21.6713C20.2275 21.1838 20.37 20.7067 20.6388 20.3001C20.9076 19.8935 21.2908 19.5756 21.7401 19.3864C22.1893 19.1972 22.6845 19.1453 23.1632 19.2371C23.642 19.3289 24.0828 19.5604 24.4302 19.9023C24.7775 20.2443 25.0159 20.6815 25.1152 21.1587C25.2146 21.6359 25.1704 22.1318 24.9883 22.584C24.8062 23.0362 24.4943 23.4243 24.092 23.6995C23.6896 23.9747 23.2148 24.1246 22.7274 24.1304Z" fill="#C02D4E"/>
<path d="M38.6592 15.4761C37.4383 15.4727 36.2439 15.8322 35.2276 16.5089C34.2114 17.1856 33.4191 18.1489 32.9513 19.2767C32.4836 20.4045 32.3614 21.6458 32.6004 22.8431C32.8393 24.0404 33.4287 25.1397 34.2935 26.0015C35.1584 26.8633 36.2598 27.4487 37.458 27.6834C38.6561 27.9181 39.897 27.7915 41.0231 27.3197C42.1492 26.8479 43.1097 26.0522 43.7828 25.0335C44.4558 24.0149 44.811 22.8192 44.8033 21.5983C44.783 19.9771 44.1285 18.4284 42.98 17.284C41.8315 16.1396 40.2805 15.4906 38.6592 15.4761ZM38.6471 24.1279C37.9907 24.1196 37.3643 23.852 36.9046 23.3836C36.4448 22.9151 36.1889 22.2839 36.1928 21.6275C36.1922 21.3024 36.256 20.9804 36.3807 20.6802C36.5054 20.38 36.6884 20.1075 36.9192 19.8785C37.15 19.6496 37.4239 19.4687 37.7251 19.3464C38.0263 19.2241 38.3487 19.1627 38.6738 19.166C39.33 19.1736 39.957 19.4387 40.4197 19.9041C40.8823 20.3695 41.1437 20.998 41.1475 21.6542C41.1324 22.3102 40.8633 22.9347 40.3969 23.3961C39.9305 23.8575 39.3031 24.1199 38.6471 24.1279Z" fill="#C02D4E"/>
<path d="M75.4338 61.8024C73.2179 61.7995 71.051 62.4537 69.2071 63.6824C67.3631 64.911 65.9248 66.6589 65.0742 68.7049C64.2236 70.7509 63.9988 73.0033 64.4283 75.1771C64.8577 77.3509 65.9221 79.3485 67.4869 80.9173C69.0517 82.4862 71.0465 83.5558 73.2192 83.9909C75.3919 84.426 77.6448 84.2071 79.693 83.3618C81.7413 82.5165 83.4929 81.0829 84.7263 79.2421C85.9597 77.4013 86.6196 75.2361 86.6225 73.0203C86.6263 71.5485 86.3398 70.0905 85.7792 68.7296C85.2186 67.3687 84.3951 66.1319 83.3557 65.0898C82.3164 64.0477 81.0816 63.221 79.7223 62.6569C78.3629 62.0927 76.9055 61.8024 75.4338 61.8024ZM75.3559 80.5314C73.8669 80.5208 72.4144 80.0696 71.1815 79.2347C69.9485 78.3997 68.9904 77.2185 68.4279 75.8398C67.8654 74.4611 67.7237 72.9467 68.0207 71.4876C68.3176 70.0284 69.0399 68.6899 70.0966 67.6407C71.1532 66.5916 72.4968 65.8787 73.958 65.5921C75.4192 65.3055 76.9325 65.4579 78.3072 66.0301C79.6819 66.6024 80.8563 67.5688 81.6825 68.8076C82.5087 70.0464 82.9496 71.5021 82.9497 72.9911C82.9503 73.9862 82.754 74.9717 82.372 75.8906C81.99 76.8095 81.4299 77.6436 80.724 78.345C80.0181 79.0464 79.1803 79.6012 78.259 79.9772C77.3377 80.3533 76.351 80.5433 75.3559 80.5362V80.5314Z" fill="#C02D4E"/>
</g>
<defs>
<clipPath id="clip0_2_4549">
<rect width="93.1901" height="88.8727" fill="white" transform="translate(5.67188 7.56372)"/>
</clipPath>
</defs>
</svg>
